jogo	t1	t2	lam1	lam2	placar	P1	PX	P2	EV
1	MEX	RSA	1.84	0.55	1x0	0.69	0.21	0.1	1.88
2	KOR	CZE	1.3	1.15	1x0	0.4	0.27	0.33	1.13
3	CAN	BIH	2.22	0.49	2x0	0.77	0.16	0.07	2.03
4	USA	PAR	1.45	1.1	1x0	0.45	0.26	0.29	1.24
5	HAI	SCO	0.87	1.54	1	0.21	0.26	0.53	1.48
6	AUS	TUR	1.14	1.45	1	0.3	0.26	0.44	1.21
7	BRA	MAR	1.23	1.14	1x0	0.38	0.28	0.34	1.11
8	QAT	SUI	0.49	2.27	2	0.07	0.16	0.78	2.04
9	CIV	ECU	0.84	1.43	1	0.22	0.27	0.51	1.47
10	GER	CUW	2.17	0.75	2x0	0.7	0.18	0.12	1.78
11	NED	JPN	1.11	1.27	1	0.32	0.28	0.4	1.15
12	SWE	TUN	1.26	1.24	1x0	0.37	0.27	0.36	1.05
13	KSA	URU	0.74	1.68	1	0.16	0.24	0.6	1.64
14	ESP	CPV	2.83	0.41	2x0	0.87	0.1	0.03	2.2
15	IRN	NZL	1.67	0.67	1x0	0.62	0.24	0.15	1.71
16	BEL	EGY	1.56	1.1	1x0	0.48	0.25	0.27	1.29
17	FRA	SEN	1.43	1.09	1x0	0.45	0.26	0.29	1.24
18	IRQ	NOR	0.71	1.7	1	0.15	0.24	0.61	1.69
19	ARG	ALG	1.79	0.66	1x0	0.64	0.22	0.13	1.75
20	AUT	JOR	1.47	1.07	1x0	0.47	0.26	0.27	1.28
21	GHA	PAN	0.84	1.57	1	0.2	0.25	0.54	1.51
22	ENG	CRO	1.44	1.02	1x0	0.47	0.26	0.27	1.31
23	POR	COD	1.9	0.79	1x0	0.64	0.21	0.15	1.66
24	UZB	COL	0.63	1.95	1	0.11	0.2	0.69	1.82
